function [m_1, l_1, m_2, l_2, J_s, J_l, m_l, l, d_s, d_l, mu_s, mu_l] = get_params()

m_1 = 1;
l_1 = 1; 

m_2 = 1;
l_2 = 1;



J_s = 1e-9*(5.776147359617155e+05+...
6.403229000000000e+04+...
1.442373475137027e+04+...
6.987522475137026e+04+...
1.044796366815498e+05);

J_l = 1e-9* 5.158842780695242e+07;
m_l = 1.01782;

d_s = 0.1;
d_l = 0.1;
mu_s =  0.2;
mu_l = 0.2;

l= 2.077917116975497e+02/1000;

   
    

end